hs1 51598 346306 0.732144
hs1 346405 4608847 1.508903
hs1 4612344 4618411 4.000000
hs1 4619059 7013286 1.499623
hs1 7014173 7680652 0.805078
hs1 7681385 7681651 0.098906
hs1 7693488 8412907 0.786926
hs1 8412975 8413190 0.189609
hs1 8414500 8985539 0.764082
hs1 8990247 8990261 0.116129
hs1 8990640 9512000 0.809611
hs1 9519068 12784924 1.335148
hs1 12789677 12935704 2.030029
hs1 12938082 16890117 1.327857
hs1 16890217 16921066 2.123582
hs1 16929044 25455928 1.305407
hs1 25465715 25534592 2.497353
hs1 25534799 38005986 1.318502
hs1 38012216 38014514 0.254123
hs1 38016372 51938397 1.379648
hs1 51944340 58713827 0.796143
hs1 58715121 60055728 1.554445
hs1 60056842 60079778 0.686866
hs1 60080390 60161262 1.289489
hs1 60164268 72535958 0.800848
hs1 72541006 72583736 1.477543
hs1 72584492 75823432 0.796585
hs1 75827351 75827442 0.164117
hs1 75832097 87557234 0.805301
hs1 87558185 87559291 0.019799
hs1 87563597 103904753 0.803238
hs1 103910761 103960907 1.899211
hs1 103965022 109854671 0.801014
hs1 109854901 109857649 0.264493
hs1 109859656 110034641 0.808153
hs1 110034785 110046521 0.500312
hs1 110047649 112497488 0.813774
hs1 112497610 112498899 1.282270
hs1 112498913 143864114 0.808153
hs1 143867658 148925797 1.148460
hs1 148926655 148926878 0.192683
hs1 148926934 150822687 1.141476
hs1 150822768 150852741 0.479798
hs1 150852862 194521257 1.161348
hs1 194521416 194521593 0.206026
hs1 194523121 194981496 1.127010
hs1 194994473 195050249 1.946929
hs1 195055609 208137685 1.159658
hs1 208148236 208150607 3.690970
hs1 208153175 220640814 1.159900
hs1 220641457 220656894 0.699841
hs1 220657586 220765260 0.957869
hs1 220766337 220828751 0.685391
hs1 220829332 220831414 0.343885
hs1 220834066 221760189 0.803962
hs1 221760911 246816183 1.167482
hs1 246819839 246863745 1.650268
hs1 246863836 247191011 1.171048
hs2 2784 1298761 0.925497
hs2 1299333 1306643 0.313079
hs2 1307006 3689101 0.931934
hs2 3689847 3689923 0.061738
hs2 3691533 3706624 0.843348
hs2 3710421 3711148 0.245348
hs2 3714413 34544573 0.923254
hs2 34552819 34590561 1.295941
hs2 34590667 34975665 0.910922
hs2 34975710 34977531 0.377906
hs2 34980809 35821540 0.903565
hs2 35829477 35841420 4.000000
hs2 35841451 70165126 0.926652
hs2 70165697 70166484 0.097173
hs2 70170454 79848582 0.924407
hs2 79848916 79848931 0.178253
hs2 79853908 154439858 1.029611
hs2 154440039 154440383 0.217532
hs2 154440690 171722998 1.186655
hs2 171723298 171734135 0.280078
hs2 171734755 203004238 1.193749
hs2 203004252 203010891 2.329467
hs2 203010980 208063200 1.184190
hs2 208063423 208067581 0.700861
hs2 208067721 213718460 1.185257
hs2 213718956 213720185 0.366834
hs2 213720495 241157878 1.176907
hs2 241158385 241163925 3.981467
hs2 241164269 242738129 1.109646
hs3 35345 10995033 0.804297
hs3 10995914 10996002 0.143677
hs3 10996097 22459609 0.790973
hs3 22460340 22460400 0.126027
hs3 22460906 47453513 0.795040
hs3 47466826 47467724 0.099125
hs3 47472218 62838021 0.790918
hs3 62838356 62838509 0.131115
hs3 62838533 68828854 0.795923
hs3 68828949 68830103 0.346974
hs3 68831448 71858522 0.795867
hs3 71859737 71884402 0.345726
hs3 71884439 75651239 0.787090
hs3 75655239 75691178 0.275362
hs3 75691329 82673721 0.782846
hs3 82676376 82676634 0.146747
hs3 82676906 127158653 0.803294
hs3 127163190 127165575 0.245876
hs3 127168012 199380515 0.821766
hs4 2281 33892 0.803517
hs4 35410 36691 0.109333
hs4 36760 4217419 0.991511
hs4 4217884 4217898 0.218015
hs4 4218034 9061021 1.018468
hs4 9066075 9095185 0.555554
hs4 9105392 9819488 1.021720
hs4 9823258 9844366 0.494040
hs4 9845240 17484328 1.036773
hs4 17486893 17490974 0.409660
hs4 17493561 22247125 1.029683
hs4 22247193 22248466 0.104147
hs4 22248656 34455449 1.024983
hs4 34462895 34497735 2.596557
hs4 34500578 58603892 1.039291
hs4 58607493 58607778 0.246952
hs4 58609273 64390176 1.023918
hs4 64390200 64390853 0.456757
hs4 64399026 68943659 1.032900
hs4 68964800 68970737 3.495261
hs4 68977394 69057550 0.880747
hs4 69057755 69219747 0.359584
hs4 69222620 70158099 1.000832
hs4 70162233 70183466 0.293514
hs4 70183746 70189096 0.052110
hs4 70189134 70266713 0.202557
hs4 70270740 130282201 1.026832
hs4 130286996 130287610 0.129032
hs4 130292013 162093390 1.035050
hs4 162093450 162104427 1.511834
hs4 162104459 167986519 1.023350
hs4 167990035 167994381 0.388127
hs4 167996750 172613549 1.033186
hs4 172613818 172614508 0.507648
hs4 172616946 173524931 1.053142
hs4 173528489 173548587 0.410058
hs4 173550908 189458252 1.024273
hs4 189458354 189458369 0.240132
hs4 189458418 191261904 1.033902
hs5 68532 738748 0.898444
hs5 751371 832860 2.980594
hs5 832881 859141 1.216469
hs5 859225 862806 2.988870
hs5 870850 13051925 0.905508
hs5 13058214 13067507 4.000000
hs5 13068045 15501032 0.923318
hs5 15502249 15505818 0.264090
hs5 15506278 20987577 0.913768
hs5 20989186 20989270 0.252543
hs5 20989409 21484976 0.941609
hs5 21485033 21488195 2.535376
hs5 21488253 22220403 0.928324
hs5 22220479 22223334 0.204079
hs5 22228583 34295080 0.900876
hs5 34295171 34300312 0.306296
hs5 34302311 39844389 0.884050
hs5 39844711 39844726 0.155125
hs5 39844742 45226610 0.885338
hs5 45227949 45229510 0.183430
hs5 45231904 46227641 0.882519
hs5 46231640 46235192 0.266240
hs5 46245056 46306865 1.043406
hs5 46307687 46309259 4.000000
hs5 46313969 53312058 0.837987
hs5 53312670 53314739 0.259283
hs5 53317123 56288066 0.844050
hs5 56288783 56291228 0.198554
hs5 56292240 57357403 0.856070
hs5 57361784 57369290 0.476286
hs5 57374114 81454519 0.837639
hs5 81455034 81463238 0.089747
hs5 81463794 103879120 0.875391
hs5 103888272 103888503 0.180254
hs5 103888948 140198906 0.926460
hs5 140204020 140211733 0.350576
hs5 140211749 140212023 0.088904
hs5 140221211 172031702 0.926267
hs5 172031738 172032662 0.112469
hs5 172041463 179572971 0.918849
hs5 179574268 179574343 0.145773
hs5 179575679 180330877 0.924407
hs5 180331979 180365831 1.918794
hs5 180365870 180722926 0.901875
hs6 94661 1330285 1.033831
hs6 1331696 1342849 0.068712
hs6 1347242 9141797 1.066660
hs6 9150481 9189309 0.276931
hs6 9282778 17496123 1.057311
hs6 17499689 17505095 0.432119
hs6 17506462 29951413 1.059072
hs6 29952013 29957246 0.374698
hs6 29957666 74648586 1.049426
hs6 74648953 74654069 0.110055
hs6 74658138 79019608 0.995919
hs6 79025784 79091904 0.166778
hs6 79095953 103841522 0.999099
hs6 103844669 103868754 0.434040
hs6 103872163 114328648 0.996402
hs6 114331534 114331709 0.256335
hs6 114332504 120675904 0.998476
hs6 120678065 120678411 0.176495
hs6 120680119 124275905 0.994953
hs6 124276058 124278017 0.454673
hs6 124278434 140476727 0.992129
hs6 140496739 140549543 0.388665
hs6 140551786 170892930 0.985413
hs7 52911 2636113 1.097788
hs7 2639498 2639814 4.000000
hs7 2645975 9640855 1.112650
hs7 9646547 9646768 0.332056
hs7 9647117 26098815 1.141634
hs7 26108917 26111938 0.072836
hs7 26113744 47291788 1.124591
hs7 47292179 47292217 0.196950
hs7 47292720 50807550 1.132177
hs7 50807989 50808507 0.176630
hs7 50809953 53186406 1.132334
hs7 53189882 53190208 0.283378
hs7 53191719 64206287 1.114657
hs7 64231500 64233133 0.262211
hs7 64274563 70058374 1.059439
hs7 70058925 70064077 0.099642
hs7 70066179 76270258 1.072963
hs7 76270269 76308039 0.784204
hs7 76312337 87508800 1.063485
hs7 87508815 87510328 0.528985
hs7 87510882 109214941 1.066290
hs7 109215086 109245626 0.749032
hs7 109245993 133429008 1.071031
hs7 133429177 133465931 1.521190
hs7 133465968 141409593 1.084177
hs7 141416112 141438377 1.843056
hs7 141438576 141694120 1.069325
hs7 141699450 141704838 3.536691
hs7 141704901 141711261 1.240911
hs7 141711742 141712460 3.341741
hs7 141712586 142154515 1.136975
hs7 142156294 142167486 2.723572
hs7 142176272 143540378 1.088092
hs7 143542557 143697880 0.505331
hs7 143705862 149476921 1.163039
hs7 149478220 149478673 0.156128
hs7 149482501 152061801 1.201553
hs7 152062575 152062784 0.327485
hs7 152064756 152778571 1.173079
hs7 152778578 152778645 0.209279
hs7 152778648 158819765 1.176907
hs8 21254 585875 0.776846
hs8 585892 585908 0.151701
hs8 591043 2310208 0.765726
hs8 2318174 2327058 3.650009
hs8 2330937 7775845 0.792839
hs8 7781474 7785109 0.408894
hs8 7789458 7820606 1.183697
hs8 7820626 8704263 0.806642
hs8 8705896 8707100 0.088548
hs8 8707168 12650036 0.803962
hs8 12650052 12655147 0.151995
hs8 12658255 12689228 0.796033
hs8 12690760 12696897 0.145148
hs8 12697904 13149076 0.790589
hs8 13151600 13152374 0.275381
hs8 13152420 13647847 0.805189
hs8 13654039 13654135 2.467585
hs8 13654189 15898825 0.792400
hs8 15899513 15904231 0.177945
hs8 15908389 25032119 0.798022
hs8 25032453 25040250 1.482981
hs8 25047021 39403418 0.793994
hs8 39405847 39506122 1.243839
hs8 39507456 40891153 0.794214
hs8 40897009 40897628 3.367085
hs8 40902837 70025371 1.020871
hs8 70025396 70025611 0.106964
hs8 70027022 70553025 1.005770
hs8 70555160 70555327 0.295187
hs8 70556927 72374735 1.032112
hs8 72374919 72378988 2.146074
hs8 72379055 95626488 1.025978
hs8 95626728 95627105 0.364275
hs8 95627168 112363470 1.038859
hs8 112363642 112364436 0.186378
hs8 112369457 115701219 1.016422
hs8 115703663 115710865 0.551602
hs8 115710907 146268959 1.040877
hs9 30910 40463 0.472996
hs9 50015 385289 0.821311
hs9 386293 386380 0.217668
hs9 388077 5292749 0.809442
hs9 5301567 5327707 0.269714
hs9 5330984 14500366 0.654062
hs9 14507555 16639932 1.124981
hs9 16641521 16642737 0.224005
hs9 16644167 17171275 1.131001
hs9 17175337 19599206 0.846863
hs9 19600405 19732145 0.621446
hs9 19732386 20589426 0.859280
hs9 20590308 21989240 0.588943
hs9 21989615 21995394 0.884724
hs9 21999960 22482889 0.608488
hs9 22491913 22492699 0.045276
hs9 22499340 22974615 0.584470
hs9 22974675 23351805 0.867839
hs9 23353115 23363484 0.140175
hs9 23368488 24467204 0.846041
hs9 24467402 24476206 0.559108
hs9 24478991 25396082 0.850451
hs9 25396524 27386135 1.133512
hs9 27388306 27388544 0.288832
hs9 27391297 27908516 1.148141
hs9 27911443 27914178 0.309305
hs9 27914366 36578113 1.084026
hs9 36578726 43602904 0.734228
hs9 43603159 43735571 0.439002
hs9 43740182 95509128 0.801181
hs9 95509918 95510778 0.209410
hs9 95512767 111008116 0.800459
hs9 111008682 111008755 0.132558
hs9 111008775 111462271 0.829147
hs9 111471779 111472586 0.251164
hs9 111473682 114285670 0.784638
hs9 114285696 114292170 0.112142
hs9 114292816 137491435 0.789549
hs9 137495965 137515693 0.274695
hs9 137515966 140211215 0.780732
hs10 62809 14680139 0.954423
hs10 14680298 14693251 0.549732
hs10 14696837 17967560 0.958002
hs10 17978214 17989863 0.188717
hs10 18011822 20880806 0.977996
hs10 20880880 20893540 1.815542
hs10 20902433 24415269 0.955084
hs10 24417680 24419045 2.595118
hs10 24420666 57109212 0.950593
hs10 57109227 57110843 0.569631
hs10 57110933 57918675 0.901188
hs10 57918762 57920447 3.116874
hs10 57920476 66976085 0.944682
hs10 66976164 66996072 0.614379
hs10 66996153 67270177 0.942262
hs10 67270329 67270435 0.230494
hs10 67271695 72091190 0.929418
hs10 72094064 72096911 0.367216
hs10 72098109 92916050 0.934004
hs10 92916680 92917247 0.209933
hs10 92921272 97992159 0.922870
hs10 97992222 97992875 0.277604
hs10 97992950 116513600 0.930966
hs10 116513930 116515593 0.164744
hs10 116523946 123338652 0.923254
hs10 123342126 123344716 0.308598
hs10 123345305 128877281 0.925433
hs10 128879136 128881619 0.310464
hs10 128886641 135095769 0.910859
hs10 135102106 135227268 1.402985
hs10 135237230 135356694 0.949145
hs11 188510 620331 1.075718
hs11 631563 631991 0.167102
hs11 638694 662103 0.823192
hs11 662443 667565 0.221242
hs11 668434 4926819 1.026192
hs11 4926853 4932281 0.343409
hs11 4932833 4933483 0.682216
hs11 4933587 5976498 1.051319
hs11 5976565 6078670 0.522245
hs11 6079079 31349689 1.036342
hs11 31349870 31354783 0.357695
hs11 31355308 36105454 1.053507
hs11 36105734 36106218 0.233274
hs11 36107167 42592680 1.032756
hs11 42594324 42594339 0.258404
hs11 42594410 55119916 1.039940
hs11 55130608 55132837 0.569434
hs11 55132856 55209110 0.251146
hs11 55209553 61797369 1.041022
hs11 61798463 61799750 0.190518
hs11 61804543 69595681 1.029897
hs11 69597782 69598665 0.126947
hs11 69598977 79645161 1.035911
hs11 79645196 79645212 0.157771
hs11 79645334 81630239 1.030111
hs11 81630249 81630346 0.219729
hs11 81630865 101099594 1.047827
hs11 101103070 101103174 4.000000
hs11 101103422 107154020 1.051173
hs11 107158953 107183970 1.749812
hs11 107184130 123049115 1.052048
hs11 123050340 123050386 0.081911
hs11 123050545 128651975 1.050517
hs11 128653369 128655277 0.121346
hs11 128655328 131639474 1.051902
hs11 131639938 131640238 0.249412
hs11 131641329 134449982 1.040084
hs12 20703 739370 0.982684
hs12 739459 743765 0.489744
hs12 744205 1499481 0.950396
hs12 1508174 1512459 0.360832
hs12 1516724 2100581 0.981391
hs12 2102418 2130228 0.741593
hs12 2131015 7865270 0.972183
hs12 7886054 8015167 0.463487
hs12 8022225 8447960 1.051756
hs12 8449755 8450059 4.000000
hs12 8450080 8467733 1.887661
hs12 8472095 12421340 0.983298
hs12 12421964 12433136 1.668325
hs12 12434062 31142829 0.981119
hs12 31148962 31293957 1.473146
hs12 31298076 31796997 1.018115
hs12 31797046 31801175 0.532074
hs12 31808487 33277097 1.006258
hs12 33278024 33286409 3.000910
hs12 33286685 44186092 0.981323
hs12 44190705 44195804 0.341250
hs12 44199559 47011309 0.999099
hs12 47011506 47011682 0.136049
hs12 47016303 50715663 0.960728
hs12 50715707 50715744 0.198278
hs12 50715787 52764885 0.979081
hs12 52765334 52768473 0.069893
hs12 52769146 69156340 0.981391
hs12 69158125 69188994 1.455082
hs12 69189520 70693225 0.974004
hs12 70693670 70699109 0.499515
hs12 70699276 71487866 0.965267
hs12 71492598 71492673 0.140740
hs12 71493458 103052159 0.975288
hs12 103053479 103056912 0.152270
hs12 103057045 114369046 0.966204
hs12 114369299 114370856 0.107380
hs12 114371239 118465960 0.956873
hs12 118466356 118475116 0.495927
hs12 118475131 132288262 0.962194
hs13 17924949 18033703 1.466523
hs13 18041824 18679925 1.093611
hs13 18680337 18683421 0.309326
hs13 18684012 36965575 1.088016
hs13 36968044 36982757 0.583741
hs13 36986330 46404974 1.089073
hs13 46409471 46415453 0.318243
hs13 46416128 56661291 1.082975
hs13 56661352 56687715 0.571728
hs13 56688010 71374989 1.112342
hs13 71375556 71378557 0.111568
hs13 71378606 96460024 1.184928
hs13 96460054 96461005 0.305110
hs13 96461301 104562119 1.224252
hs13 104563341 104566462 0.381300
hs13 104569561 104579089 1.288149
hs13 104579727 105222804 0.684442
hs13 105228685 106098744 1.260591
hs13 106099300 106103673 0.601235
hs13 106103903 106180636 1.202386
hs13 106182239 106182711 0.365109
hs13 106183236 107976407 1.255011
hs13 107985811 107986429 0.240549
hs13 107990253 110521195 1.247120
hs13 110522125 110522533 0.225406
hs13 110522546 114126499 1.241772
hs14 18072124 18343625 0.968081
hs14 18399001 18611714 0.526352
hs14 18627041 20658619 0.934716
hs14 20659451 20659470 0.113873
hs14 20659921 33014266 1.068732
hs14 33014942 33017417 0.509234
hs14 33017756 57236813 1.211841
hs14 57242445 57242686 0.427886
hs14 57242920 57460814 1.004933
hs14 57466313 57652257 1.585348
hs14 57655323 82102460 1.044853
hs14 82106909 82106945 0.228141
hs14 82107372 98208165 1.024841
hs14 98210776 98216854 0.139062
hs14 98218756 105784781 0.901625
hs14 105786375 105798514 1.679114
hs14 105799207 105854089 0.985208
hs14 105867070 105892781 3.034376
hs14 105896961 105964318 1.094673
hs14 105964501 105989139 1.691965
hs14 105989153 106231370 0.978742
hs14 106231444 106247258 1.592507
hs14 106248976 106356482 0.917831
hs15 18276341 19787133 0.797027
hs15 19788634 19792388 4.000000
hs15 19794591 19859989 0.687390
hs15 19864595 19936960 1.075494
hs15 19940882 20232440 0.601777
hs15 20232614 24563234 0.942131
hs15 24563761 24563936 0.077670
hs15 24564875 32501415 0.927102
hs15 32507087 32618236 0.585078
hs15 32643110 63601155 0.906450
hs15 63603995 63604577 0.152978
hs15 63605440 74678566 0.905320
hs15 74678682 74682830 2.014749
hs15 74689234 99838527 0.916940
hs15 99838571 99840279 0.278858
hs15 99843517 100286563 0.943831
hs16 777 664085 1.473350
hs16 671726 694084 4.000000
hs16 701768 2996242 1.476621
hs16 2996564 2996585 4.000000
hs16 3005069 12556360 1.449444
hs16 12556479 12556496 4.000000
hs16 12557748 19851864 1.273236
hs16 19853151 19874863 2.113304
hs16 19877755 30097543 1.303780
hs16 30099408 30814247 0.793389
hs16 30814904 32000335 1.300170
hs16 32010045 54366181 0.970500
hs16 54366725 54387058 0.512243
hs16 54387091 83649897 1.048989
hs16 83649984 83650186 0.121119
hs16 83650249 85094675 1.083726
hs16 85095414 85100346 0.330770
hs16 85103646 87298122 1.070882
hs16 87301239 87305496 0.202262
hs16 87305713 87824598 1.043912
hs16 87827923 87832403 0.428747
hs16 87839261 88255096 1.109493
hs16 88265383 88267786 0.261068
hs16 88268097 88815036 1.058778
hs17 526 36676629 0.954820
hs17 36676679 36684057 2.450541
hs17 36686250 40043996 0.945140
hs17 40048039 40049392 0.258458
hs17 40049893 41004323 0.953695
hs17 41010873 41015758 1.922255
hs17 41020476 41518415 1.017198
hs17 41518916 41717786 1.613843
hs17 41718140 41875491 0.883928
hs17 41879021 41879036 0.176202
hs17 41901645 42008713 0.912439
hs17 42015522 42107479 0.644879
hs17 42120174 77598321 1.161992
hs17 77601681 77615650 4.000000
hs17 77617605 78643088 1.139104
hs18 1543 20095371 0.956940
hs18 20096918 20104284 0.432359
hs18 20104319 28358174 0.918022
hs18 28359172 28359406 0.168790
hs18 28360368 36514418 0.859399
hs18 36514432 36519387 1.829818
hs18 36522022 36925775 0.861367
hs18 36925992 36926808 0.484746
hs18 36926859 39498831 0.848390
hs18 39498909 39499771 0.195075
hs18 39501250 62679747 0.861725
hs18 62681443 62681544 0.069094
hs18 62681673 64897086 0.859935
hs18 64897224 64908730 0.486698
hs18 64908767 68667519 0.846980
hs18 68668135 68668322 0.227825
hs18 68668383 71055332 0.840372
hs18 71055533 71058277 0.200991
hs18 71060011 74835818 0.845162
hs18 74835988 74851751 0.379008
hs18 74852046 76116029 0.840197
hs19 41910 8966549 0.926010
hs19 8967505 8967624 0.066220
hs19 8968432 16630216 0.924279
hs19 16630768 16631401 0.149685
hs19 16634680 50417051 0.950264
hs19 50426273 50429058 0.131661
hs19 50432611 58236789 0.959198
hs19 58238667 58239173 0.212996
hs19 58244041 59414087 0.952770
hs19 59422014 59433131 1.462970
hs19 59445152 59489660 0.869887
hs19 59497342 59503137 0.353823
hs19 59504487 60964869 0.961794
hs19 60969862 60974879 2.240468
hs19 60978105 63789666 0.949276
hs20 9305 332457 1.060982
hs20 332898 339025 3.471598
hs20 344169 1500503 1.065182
hs20 1505190 1508951 1.392039
hs20 1508999 1541893 0.660898
hs20 1545946 14619485 1.049498
hs20 14620177 14620357 0.131315
hs20 14623588 26253579 1.061718
hs20 28034013 28071042 0.514770
hs20 28072968 41224584 1.131158
hs20 41224674 41224696 0.212303
hs20 41225982 49822370 1.144248
hs20 49823497 49825384 4.000000
hs20 49825398 55725530 1.138631
hs20 55726118 55727709 0.115487
hs20 55727719 62371192 1.130609
hs20 62371735 62426597 0.733923
hs21 9758742 13378287 0.972183
hs21 13386250 13482581 0.580432
hs21 13482754 21430319 0.953695
hs21 21430953 21431553 0.342197
hs21 21432022 36447405 1.026903
hs21 36447699 36447815 0.285053
hs21 36454989 42950306 1.052777
hs21 42951171 42952413 0.291668
hs21 42953456 46921385 0.972857
hs22 14432528 14482524 0.999861
hs22 14488143 14628706 0.615999
hs22 14661201 14730807 0.216945
hs22 14739993 15465858 0.749916
hs22 15467656 15479462 0.210341
hs22 15479597 17508757 0.909787
hs22 17514083 17514440 0.172408
hs22 17515574 17949001 1.011783
hs22 17951664 17952769 4.000000
hs22 17953172 19925178 0.991373
hs22 19937084 20038108 0.314646
hs22 20051603 20797569 1.004794
hs22 20798619 20804613 0.186559
hs22 20811498 22660218 0.990686
hs22 22660269 22674422 0.517417
hs22 22680529 22724015 2.078006
hs22 22726814 25561916 1.004585
hs22 25562480 28270963 0.747839
hs22 28279735 28280265 0.221672
hs22 28282104 30665434 0.766257
hs22 30668005 30668186 0.022299
hs22 30668665 37620866 0.933874
hs22 37625201 37626850 0.053490
hs22 37629060 39809858 0.986848
hs22 39811597 39820235 0.543405
hs22 39823348 41063787 0.979013
hs22 41071410 41072395 0.097937
hs22 41076631 43038147 0.985140
hs22 43112879 43114164 0.113715
hs22 43114372 49581321 0.967276
hsX 108477 5168364 0.956343
hsX 5170947 5172224 0.073074
hsX 5175812 7571315 0.959996
hsX 7571715 7571867 0.353823
hsX 7572203 13447760 0.952374
hsX 13448066 13448404 0.146097
hsX 13448784 32710497 0.950791
hsX 32710862 32713451 0.309155
hsX 32717113 65433641 0.955283
hsX 65440058 65440395 0.195861
hsX 65440955 83142586 0.972857
hsX 83143184 83143317 0.206871
hsX 83144371 90191713 1.050008
hsX 90192208 90192643 0.285785
hsX 90192991 115047709 1.057531
hsX 115051983 115064666 3.773491
hsX 115070447 154835548 1.256491
hsY 2675209 57427647 1.018115
